15786
21654
303
1541
22099
29512
19738
16270
22240
32144
19975
18808
5517
2899
21951
30855
30535
15233
24390
18327
1839
31707
18611
581
2509
389
20178
28253
2068
15951
9850
8199
3610
24259
20399
25776
6547
7406
32376
28858
29714
29679
13695
15330
29952
65
28266
14453
26456
6344
27644
20786
3880
27805
4586
23038
2760
12697
24190
24394
3031
12195
25070
68
9210
13498
20345
16321
8531
15809
1095
30693
14019
24589
8190
23704
27616
16304
2851
14504
4277
7812
1847
20926
12604
20470
9358
7938
17564
7576
14829
16014
5154
26725
14827
21908
5633
4817
516
18254
14282
32664
32638
28328
21673
12611
17916
18096
21349
22138
29667
11705
10262
20237
112
12114
13731
30145
20374
235
19202
15066
10136
7488
14383
23404
25707
10892
14057
16738
1225
5999
9007
22603
27925
6811
16254
25320
31730
322
199
7542
19617
30784
7730
14524
17182
15367
24725
31187
15866
23374
28083
2744
2551
30841
2869
18323
29541
13767
5481
5316
4415
14398
9660
2483
9733
27990
9464
31828
12887
32616
17726
14716
5462
9428
8131
30183
22202
13813
29258
17413
30387
13766
14437
6792
24449
14673
7275
14255
21714
23003
31800
27983
31967
7633
32167
8614
24389
1137
28369
4319
30116
8248
28162
7013
10745
27662
5503
11496
24251
18228
9978
2096
23736
17385
29393
932
17070
13535
30475
665
21161
9569
29200
14172
14624
10305
25898
31230
10701
10627
17087
16354
28240
11978
17483
7
17026
12934
9248
4118
6810
1499
14045
17963
12034
25936
8368
27491
27127
11324
8779
19242
4835
21233
14759
27457
21370
9125
4731
14482
29334
21028
635
13492
24787
25144
3409
28732
29418
2260
11356
24009
26062
29699
22059
18894
2184
9619
440
798
10195
19584
8548
57
6007
18722
20918
3416
30054
18454
14292
20282
664
8174
19389
9900
11686
23960
2636
16603
11048
11151
19181
24666
14288
32707
13596
10993
24643
15433
4514
2091
27323
11970
29583
23710
15966
6797
29942
11768
25691
14764
875
31694
32458
24695
30781
22820
20801
12291
30835
4796
14133
847
22665
28191
9239
820
32743
19821
2346
3339
2086
17380
15654
22556
5122
26417
16783
1481
6685
27001
466
2175
8057
18471
26660
3416
7603
7028
25626
21648
4352
21175
16136
9390
27113
26994
23067
17518
24262
24856
12854
10097
22780
2975
17805
14755
31222
29386
14082
30064
29668
26676
19266
12454
12854
2587
7071
19496
3543
18674
6828
12888
2346
14757
18074
20546
20421
16554
9557
30089
30192
25036
26206
18194
13276
16566
18023
12402
6307
7746
4272
24
28931
24191
23076
6714
24026
25476
21042
28288
22113
18680
17772
7283
4648
19549
11746
29348
5845
28191
27964
13468
26012
5984
3226
21383
1149
20609
7724
1439
24385
21616
7312
26714
15410
3252
25583
6482
16541
16953
8406
29176
16649
3804
20692
20985
22836
23478
12505
9324
2001
30761
13641
3008
18948
5548
26595
24680
29337
13398
18261
28227
14600
19500
1179
7373
15401
16170
14875
28168
29879
24595
30850
40
21382
6648
17756
32257
1924
1162
26486
10801
10097
28961
7411
28941
15198
15496
5936
11596
25063
29071
22617
2933
3376
2126
20168
14346
5024
20025
18977
17522
4192
17128
9774
28327
20370
30116
18299
14244
16977
12209
17841
29836
13933
30558
24499
18074
19939
14285
5498
9676
29214
6530
945
27215
16112
22446
23824
169
8527
7737
7544
13480
9680
15506
21203
16142
13028
14646
6058
505
10964
4609
7043
8212
12669
13623
21760
23168
4556
32594
14776
24960
32504
18825
6100
999
11650
21797
28010
26945
32750
8067
22937
17092
17214
27368
873
7925
14131
2055
4703
19482
24131
11348
5347
30051
20825
24839
28755
26327
4943
22255
14051
9215
8236
11003
32571
15701
13341
26505
6606
4203
1589
20078
16379
24284
29412
14274
6374
26611
21049
4464
12309
28957
30167
19329
14794
26895
2744
15651
16675
4534
23205
20092
7154
23779
10609
29489
16477
26547
10745
16820
22581
16575
18139
13137
11799
25864
15097
22776
20549
8097
13740
4296
1346
14362
1736
2144
28207
7088
3668
6116
29416
27958
27654
16849
21469
10177
10880
25473
32178
16407
25165
25213
31382
28885
4250
25222
7524
7522
7604
20578
17019
30615
20293
19815
16990
21547
8782
18377
29194
23008
18660
19363
19739
30575
18346
22726
9629
19508
28434
18757
30131
28569
11347
5309
12010
17220
28200
31845
9051
15360
6479
27609
25731
19820
18621
6821
13281
25702
21921
14996
24916
7221
25375
16055
13107
6776
27081
1844
13354
15826
32477
32212
727
2899
21313
28490
32552
1701
9791
11588
29043
24827
10240
17715
1874
10937
1994
22491
16964
29667
10745
23962
13317
1863
16831
25464
9385
11370
19099
3314
32379
7220
7578
26246
7063
5211
7760
21758
20809
13711
15253
11645
21796
6250
16384
16970
22498
17686
11813
28768
29183
31164
9358
31153
15892
27568
1402
14398
15604
28509
24152
30168
24456
13042
19201
29875
21098
30665
20665
29872
26436
30364
27876
16742
14311
23142
21384
5366
24363
32282
6534
23435
25481
22791
18072
9139
12153
17926
2825
18273
13196
4457
5431
6590
3658
31139
17098
9652
21961
3767
10674
18744
24338
7266
13538
14681
7987
2823
20686
15117
548
25438
25509
7350
21338
24797
3406
15479
5165
16098
27429
10042
23530
11429
23410
7293
7608
5088
31917
735
28715
7739
25716
6510
12970
9593
19016
29102
11393
31333
8715
32360
453
11898
25146
17209
6635
19541
29162
28886
21543
10971
31364
31264
9606
18218
6464
28139
31946
20801
11362
8590
2057
22382
14391
30762
14340
15483
8142
21179
7496
25751
11639
29920
31495
17670
9981
27242
11187
17032
27043
14758
13152
2698
18911
28267
7127
21263
13016
18914
30329
11613
16801
8984
8154
22375
22579
17477
8473
14334
25644
20698
19201
29110
21834
76
26337
14489
32678
14755
6443
22158
26032
23489
20943
2695
9710
15987
26197
11886
2164
14393
12733
20429
26658
13525
22038
10047
29600
10390
31712
6810
539
27745
11043
13786
30652
20100
6731
18124
30189
25658
3786
1919
21323
26622
11116
874
5993
12432
18553
9053
30282
3272
12684
3113
1949
4126
25910
15374
13750
7157
12882
4841
8273
12714
20262
12570
28421
22880
17983
22838
